2023-08-25 01:03:53,484, INFO, Матрица a: рядов 5; столбцов 5; Матрица: [[5, 66, 54, 85, 17], [5, 82, 36, 64, 48], [69, 86, 23, 70, 14], [30, 95, 4, 21, 37], [17, 13, 37, 59, 97]]
2023-08-25 01:03:53,484, INFO, Матрица b: рядов 5; столбцов 5; Матрица: [[48, 80, 100, 30, 9], [78, 78, 60, 38, 63], [25, 28, 56, 89, 13], [64, 77, 64, 38, 59], [80, 89, 71, 18, 9]]

2023-08-25 01:03:53,486, INFO, Сумма матриц: Матрица: [[ 53 146 154 115  26]
 [ 83 160  96 102 111]
 [ 94 114  79 159  27]
 [ 94 172  68  59  96]
 [ 97 102 108  77 106]]
2023-08-25 01:03:53,487, INFO, Разница матриц: Матрица: [[-43 -14 -46  55   8]
 [-73   4 -24  26 -15]
 [ 44  58 -33 -19   1]
 [-34  18 -60 -17 -22]
 [-63 -76 -34  41  88]]
2023-08-25 01:03:53,488, INFO, Произведение матриц: Матрица: [[13538 15118 14131 11000 10073]
 [15472 17004 14940  9766  9887]
 [16195 19508 18822 10297 10594]
 [13254 14832 12895  6330  7879]
 [14291 16586 15215  8285  5807]]

2023-08-25 01:03:53,488, INFO, Сравнение матриц: a == b False
2023-08-25 01:03:53,488, INFO, Сравнение матриц: a < b True
2023-08-25 01:03:53,488, INFO, Сравнение матриц: a > b False
2023-08-25 01:05:55,276, INFO, Ёлочка: рядов 15

2023-08-25 01:05:55,276, INFO, [31m              *              [39m
2023-08-25 01:05:55,276, INFO, [32m             ***             [39m
2023-08-25 01:05:55,276, INFO, [33m            *****            [39m
2023-08-25 01:05:55,276, INFO, [32m           *******           [39m
2023-08-25 01:05:55,276, INFO, [33m          *********          [39m
2023-08-25 01:05:55,276, INFO, [32m         ***********         [39m
2023-08-25 01:05:55,276, INFO, [33m        *************        [39m
2023-08-25 01:05:55,276, INFO, [32m       ***************       [39m
2023-08-25 01:05:55,276, INFO, [33m      *****************      [39m
2023-08-25 01:05:55,276, INFO, [32m     *******************     [39m
2023-08-25 01:05:55,276, INFO, [33m    *********************    [39m
2023-08-25 01:05:55,276, INFO, [32m   ***********************   [39m
2023-08-25 01:05:55,276, INFO, [33m  *************************  [39m
2023-08-25 01:05:55,276, INFO, [32m *************************** [39m
2023-08-25 01:05:55,276, INFO, [33m*****************************[39m
2023-08-25 01:05:55,276, INFO,

2023-08-25 01:06:05,666, INFO, Треугольник: ('Треугольник равнобедренный, ', 'остроугольный.'), стороны: 5, 5, 6.
